4294967294,0
4294967294,30
4294967294,1166
4294967294,1164
4294967294,1163
4294967294,1019
4294967294,990
4294967294,989
4294967294,988
4294967294,987
4294967294,60
4294967294,417
4294967294,12
4294967294,1098
4294967294,83
4294967294,11
4294967278,132
4294967278,131
4294967278,130
4294967278,129
4294967278,128
4294967278,127
4294967278,126
4294967278,363
4294967278,125
4294967278,316
4294967278,124
4294967278,123
4294967278,252
4294967278,122
4294967278,121
4294967278,120
4294967278,119
4294967278,118
4294967278,117
4294967278,241
4294967278,116
4294967278,115
4294967278,314
4294967278,114
4294967278,113
4294967278,112
4294967278,111
4294967278,110
4294967278,229
4294967278,109
4294967278,108
4294967278,225
4294967278,107
4294967278,223
4294967278,106
4294967278,105
4294967278,219
4294967278,104
4294967278,103
4294967278,102
4294967278,101
4294967278,100
4294967278,99
4294967278,348
4294967278,98
4294967278,389
4294967278,97
4294967278,347
4294967278,96
4294967278,95
4294967278,312
4294967278,94
4294967278,93
4294967278,92
4294967278,91
4294967278,90
4294967278,361
4294967278,89
4294967278,87
4294967278,86
4294967278,85
4294967278,84
4294967278,344
4294967278,83
4294967278,385
4294967278,82
4294967278,309
4294967278,81
4294967278,80
4294967278,343
4294967278,79
4294967278,78
4294967278,77
4294967278,76
4294967278,75
4294967278,342
4294967278,74
4294967278,73
4294967278,72
4294967278,71
4294967278,70
4294967278,372
4294967278,69
4294967278,68
4294967278,67
4294967278,66
4294967278,65
4294967278,64
4294967279,302
4294967279,85
4294967279,84
4294967279,533
4294967279,552
4294967279,79
4294967279,78
4294967279,76
4294967279,72
4294967279,572
4294967279,71
4294967279,70
4294967279,251
4294967279,531
4294967279,63
4294967279,61
4294967279,58
4294967279,53
4294967279,51
4294967279,325
4294967279,46
4294967279,290
4294967279,44
4294967279,40
4294967279,35
4294967279,34
4294967279,32
4294967279,29
4294967279,137
4294967279,284
4294967279,260
4294967279,269
4294967279,20
4294967279,18
4294967279,16
4294967279,15
4294967279,10
4294967279,8
4294967279,7
4294967279,6
4294967279,5
4294967279,4
4294967279,23
4294967279,322
4294967294,1167
4294967294,1158
4294967294,992
4294967294,93
4294967294,95
4294967279,279
4294967294,50
4294967294,1016
4294967294,27
4294967294,92
4294967294,88
4294967294,81
4294967294,68
0,5
4294967279,264
4294967279,262
4294967279,261
4294967279,275
4294967279,258
4294967279,257
4294967279,256
4294967279,255
4294967279,254
4294967279,253
4294967278,258
4294967278,257
4294967278,321
4294967278,320
4294967294,7
4294967294,17
4294967294,67
4294967294,99
4294967294,436
4294967294,43
4294967294,25
4294967294,1018
4294967294,26
4294967294,1418
4294967294,1421
123,5
123,4
123,3
123,2
123,1
121,5
121,4
121,3
121,2
121,1
120,5
120,4
120,3
120,2
120,1
116,6
4294967294,1424
4294967294,1423
4294967294,1422
4294967294,473
116,5
116,4
116,3
116,2
116,1
115,5
115,4
115,3
115,2
115,1
4294967278,391
113,5
113,4
113,3
113,2
113,1
4294967294,472
111,4
111,3
111,2
111,1
4294967279,274
4294967279,326
4294967293,131
4294967293,130
4294967293,129
4294967293,128
4294967293,127
4294967293,126
4294967293,125
4294967293,124
4294967293,123
4294967293,122
4294967293,121
4294967293,120
4294967293,119
4294967293,118
4294967293,117
4294967293,116
4294967293,115
4294967293,114
4294967293,113
4294967293,112
4294967293,111
4294967293,110
4294967293,109
4294967293,108
4294967293,107
4294967293,106
4294967293,105
4294967293,104
4294967293,103
4294967293,102
4294967293,101
4294967293,100
4294967293,99
4294967293,98
4294967293,97
4294967293,96
4294967293,95
4294967293,94
4294967293,93
4294967293,92
4294967293,91
4294967293,90
4294967293,89
4294967293,88
4294967293,87
4294967293,86
4294967293,85
4294967293,84
4294967293,83
4294967293,82
4294967293,81
4294967293,80
4294967293,79
4294967293,78
4294967293,77
4294967293,76
4294967293,75
4294967293,74
4294967293,73
4294967293,72
4294967293,71
4294967293,70
4294967293,69
4294967293,68
4294967293,67
4294967293,66
4294967293,65
4294967293,64
4294967293,63
4294967293,62
4294967293,61
4294967293,60
4294967293,59
4294967293,58
4294967293,57
4294967293,56
4294967293,55
4294967293,54
4294967293,53
4294967293,52
4294967293,51
4294967293,50
4294967293,49
4294967293,48
4294967293,47
4294967293,46
4294967293,45
4294967293,44
4294967293,43
4294967293,42
4294967293,41
4294967293,40
4294967293,39
